      date  strategy_value  benchmark_value  strategy_return_pct  benchmark_return_pct
2026-08-26        99878.13    100000.000000             -0.12187              0.000000
2026-08-27        99288.56     99470.981342             -0.71144             -0.529019
2026-08-29        99442.73     99655.831459             -0.55727             -0.344169
2026-08-30        99442.73     99655.831459             -0.55727             -0.344169
2026-08-31        99348.42     99547.853228             -0.65158             -0.452147
2026-09-01        96450.58     99336.472714             -3.54942             -0.663527
2026-09-02        99503.81     99730.324182             -0.49619             -0.269676
2026-09-03       100171.00    100467.792422              0.17100              0.467792
2026-09-04        99575.22     99835.870150             -0.42478             -0.164130
2026-09-05        99605.24     99871.717519             -0.39476             -0.128282
2026-09-07        99605.24     99871.717519             -0.39476             -0.128282
2026-09-08        99195.03     99653.712284             -0.80497             -0.346288
2026-09-09        98733.57     99409.180830             -1.26643             -0.590819
2026-09-10        98351.06     98838.736887             -1.64894             -1.161263
2026-09-11        99245.26     99858.859222             -0.75474             -0.141141
2026-09-12        99241.17     99826.774499             -0.75883             -0.173226
2026-09-13        99241.17     99826.774499             -0.75883             -0.173226
2026-09-14        99368.26     99878.841816             -0.63174             -0.121158
2026-09-15        99070.98     99600.058649             -0.92902             -0.399941
2026-09-16        98309.37     98994.027650             -1.69063             -1.005972
2026-09-17        98406.01     99394.364243             -1.59399             -0.605636
2026-09-18        98283.96     99342.012119             -1.71604             -0.657988
2026-09-19        98299.80     99342.012119             -1.70020             -0.657988
2026-09-20        98299.80     99342.012119             -1.70020             -0.657988
2026-09-21        98867.95    100732.307691             -1.13205              0.732308
2026-09-22        98426.76    100406.872738             -1.57324              0.406873
2026-09-23        98052.55    100035.446870             -1.94745              0.035447
2026-09-25        98418.08    100400.775382             -1.58192              0.400775
2026-09-26        98544.54    100540.810476             -1.45546              0.540810
2026-09-27        98544.54    100540.810476             -1.45546              0.540810
2026-09-28        98233.48     99903.795043             -1.76652             -0.096205
2026-09-29        97875.07     99540.543719             -2.12493             -0.459456
2026-09-30        97460.15     98934.289411             -2.53985             -1.065711
